                        ********************************
*     UNIVERSITY OF BOLO********************************




                        PROGRAM RICHARDS
                        ****************


  INFILTRATION IN HOMOGENEOUS COLUMN OF SAND                                    



    NUMBER OF NODES                 (NNODE)...: 60
    NUMBER OF SOIL MATERIALS        (NMAT)....:  4
    NUMBER OF LAYERS (NLAY)....:  1
    KODE   OF SOLUTION METHOD (KODE)....:  1
    KODE   FOR RESTART READING      (KREST)...:  0
    KODE   FOR BOUNDARY CONDITIONS  (KBOUN)...:  0
    KODE FOR COMP.INTEBLOCK COND.   (KBLOCK)..:  1


                             SOIL PARAMETERS
                             ***************

    IM   KS(IM)     PA(IM)   ALFA(IM)  BETA(IM)  GAMMA(IM) TETAS(IM) TETAR(IM)

   1  9.440E-03  1.175E+06  1.611E+06    4.740    3.960    0.287    0.075
  10  1.230E-05  1.246E+02  7.390E+02    1.770    4.000    0.495    0.124
  20  6.260E-03  0.000E+00  2.800E-02    2.239    0.553    0.366    0.029
  21  1.516E-04  0.000E+00  1.040E-02    1.395    0.283    0.469    0.106


                             RUN CONTROL DATA
                             ****************

    DTMIN:  0.10E-04    DTPRINT: 0.200E+03  TPRINT: 0.200E+03    ITERMX:   30

    NSTEPS:   100000    TINIZ: 0.000E+00    TFINAL: 0.400E+04    EPS: 0.100E-07

    ZMIN:     0.00      DZ:   0.20E+01      DT: 0.100E-05        DTMAX:  0.100E+02

    DMUL: 1.10          DDIV: 0.50          NLIM:   10



 INITIAL CONDITION TABLE
  NODE   IMAT            Z                  HO                 TETA               K

     1    1        0.000000E+00       -2.000000E+01        2.698348E-01        4.195908E-03
     2    1        2.000000E+00       -1.000000E+02        7.902810E-02        3.671478E-06
     3    1        4.000000E+00       -1.000000E+02        7.902810E-02        3.671478E-06
     4    1        6.000000E+00       -1.000000E+02        7.902810E-02        3.671478E-06
     5    1        8.000000E+00       -1.000000E+02        7.902810E-02        3.671478E-06
     6    1        1.000000E+01       -1.000000E+02        7.902810E-02        3.671478E-06
     7    1        1.200000E+01       -1.000000E+02        7.902810E-02        3.671478E-06
     8    1        1.400000E+01       -1.000000E+02        7.902810E-02        3.671478E-06
     9    1        1.600000E+01       -1.000000E+02        7.902810E-02        3.671478E-06
    10    1        1.800000E+01       -1.000000E+02        7.902810E-02        3.671478E-06
    11    1        2.000000E+01       -1.000000E+02        7.902810E-02        3.671478E-06
    12    1        2.200000E+01       -1.000000E+02        7.902810E-02        3.671478E-06
    13    1        2.400000E+01       -1.000000E+02        7.902810E-02        3.671478E-06
    14    1        2.600000E+01       -1.000000E+02        7.902810E-02        3.671478E-06
    15    1        2.800000E+01       -1.000000E+02        7.902810E-02        3.671478E-06
    16    1        3.000000E+01       -1.000000E+02        7.902810E-02        3.671478E-06
    17    1        3.200000E+01       -1.000000E+02        7.902810E-02        3.671478E-06
    18    1        3.400000E+01       -1.000000E+02        7.902810E-02        3.671478E-06
    19    1        3.600000E+01       -1.000000E+02        7.902810E-02        3.671478E-06
    20    1        3.800000E+01       -1.000000E+02        7.902810E-02        3.671478E-06
    21    1        4.000000E+01       -1.000000E+02        7.902810E-02        3.671478E-06
    22    1        4.200000E+01       -1.000000E+02        7.902810E-02        3.671478E-06
    23    1        4.400000E+01       -1.000000E+02        7.902810E-02        3.671478E-06
    24    1        4.600000E+01       -1.000000E+02        7.902810E-02        3.671478E-06
    25    1        4.800000E+01       -1.000000E+02        7.902810E-02        3.671478E-06
    26    1        5.000000E+01       -1.000000E+02        7.902810E-02        3.671478E-06
    27    1        5.200000E+01       -1.000000E+02        7.902810E-02        3.671478E-06
    28    1        5.400000E+01       -1.000000E+02        7.902810E-02        3.671478E-06
    29    1        5.600000E+01       -1.000000E+02        7.902810E-02        3.671478E-06
    30    1        5.800000E+01       -1.000000E+02        7.902810E-02        3.671478E-06
    31    1        6.000000E+01       -1.000000E+02        7.902810E-02        3.671478E-06
    32    1        6.200000E+01       -1.000000E+02        7.902810E-02        3.671478E-06
    33    1        6.400000E+01       -1.000000E+02        7.902810E-02        3.671478E-06
    34    1        6.600000E+01       -1.000000E+02        7.902810E-02        3.671478E-06
    35    1        6.800000E+01       -1.000000E+02        7.902810E-02        3.671478E-06
    36    1        7.000000E+01       -1.000000E+02        7.902810E-02        3.671478E-06
    37    1        7.200000E+01       -1.000000E+02        7.902810E-02        3.671478E-06
    38    1        7.400000E+01       -1.000000E+02        7.902810E-02        3.671478E-06
    39    1        7.600000E+01       -1.000000E+02        7.902810E-02        3.671478E-06
    40    1        7.800000E+01       -1.000000E+02        7.902810E-02        3.671478E-06
    41    1        8.000000E+01       -1.000000E+02        7.902810E-02        3.671478E-06
    42    1        8.200000E+01       -1.000000E+02        7.902810E-02        3.671478E-06
    43    1        8.400000E+01       -1.000000E+02        7.902810E-02        3.671478E-06
    44    1        8.600000E+01       -1.000000E+02        7.902810E-02        3.671478E-06
    45    1        8.800000E+01       -1.000000E+02        7.902810E-02        3.671478E-06
    46    1        9.000000E+01       -1.000000E+02        7.902810E-02        3.671478E-06
    47    1        9.200000E+01       -1.000000E+02        7.902810E-02        3.671478E-06
    48    1        9.400000E+01       -1.000000E+02        7.902810E-02        3.671478E-06
    49    1        9.600000E+01       -1.000000E+02        7.902810E-02        3.671478E-06
    50    1        9.800000E+01       -1.000000E+02        7.902810E-02        3.671478E-06
    51    1        1.000000E+02       -1.000000E+02        7.902810E-02        3.671478E-06
    52    1        1.020000E+02       -1.000000E+02        7.902810E-02        3.671478E-06
    53    1        1.040000E+02       -1.000000E+02        7.902810E-02        3.671478E-06
    54    1        1.060000E+02       -1.000000E+02        7.902810E-02        3.671478E-06
    55    1        1.080000E+02       -1.000000E+02        7.902810E-02        3.671478E-06
    56    1        1.100000E+02       -1.000000E+02        7.902810E-02        3.671478E-06
    57    1        1.120000E+02       -1.000000E+02        7.902810E-02        3.671478E-06
    58    1        1.140000E+02       -1.000000E+02        7.902810E-02        3.671478E-06
    59    1        1.160000E+02       -1.000000E+02        7.902810E-02        3.671478E-06
    60    1        1.180000E+02       -1.000000E+02        7.902810E-02        3.671478E-06


 INITIAL VOLUME OF WATER :   9.8650E+00


              REPORT AT TIME:     2.009E+02      CPU_TIME:********
              **************



 WATER ENTERED IN STEP:   5.6421E-03   CUM. WATER ENTERED:        1.7466E+00
 WATER OUT IN THE STEP:   3.6715E-06   CUM. WATER OUT:            7.3769E-04
 INITIAL WATER VOLUME:    9.8650E+00   ACTUAL WATER VOLUME:       1.1611E+01
 WATER BALANCE ERROR %:  -9.1283E-08   NUMBER OF TIME STEPS :         184


       NODE  IMAT    Z               H                   T

         1    1    0.00        -2.000000E+01        2.698348E-01
         2    1    2.00        -2.084133E+01        2.670783E-01
         3    1    4.00        -2.209772E+01        2.624822E-01
         4    1    6.00        -2.411098E+01        2.539477E-01
         5    1    8.00        -2.773132E+01        2.354339E-01
         6    1   10.00        -3.523860E+01        1.908446E-01
         7    1   12.00        -4.981233E+01        1.246653E-01
         8    1   14.00        -7.125351E+01        8.963062E-02
         9    1   16.00        -9.112462E+01        8.077147E-02
        10    1   18.00        -9.851244E+01        7.926944E-02
        11    1   20.00        -9.980065E+01        7.905944E-02
        12    1   22.00        -9.997527E+01        7.903197E-02
        13    1   24.00        -9.999708E+01        7.902856E-02
        14    1   26.00        -9.999967E+01        7.902815E-02
        15    1   28.00        -9.999996E+01        7.902811E-02
        16    1   30.00        -1.000000E+02        7.902810E-02
        17    1   32.00        -1.000000E+02        7.902810E-02
        18    1   34.00        -1.000000E+02        7.902810E-02
        19    1   36.00        -1.000000E+02        7.902810E-02
        20    1   38.00        -1.000000E+02        7.902810E-02
        21    1   40.00        -1.000000E+02        7.902810E-02
        22    1   42.00        -1.000000E+02        7.902810E-02
        23    1   44.00        -1.000000E+02        7.902810E-02
        24    1   46.00        -1.000000E+02        7.902810E-02
        25    1   48.00        -1.000000E+02        7.902810E-02
        26    1   50.00        -1.000000E+02        7.902810E-02
        27    1   52.00        -1.000000E+02        7.902810E-02
        28    1   54.00        -1.000000E+02        7.902810E-02
        29    1   56.00        -1.000000E+02        7.902810E-02
        30    1   58.00        -1.000000E+02        7.902810E-02
        31    1   60.00        -1.000000E+02        7.902810E-02
        32    1   62.00        -1.000000E+02        7.902810E-02
        33    1   64.00        -1.000000E+02        7.902810E-02
        34    1   66.00        -1.000000E+02        7.902810E-02
        35    1   68.00        -1.000000E+02        7.902810E-02
        36    1   70.00        -1.000000E+02        7.902810E-02
        37    1   72.00        -1.000000E+02        7.902810E-02
        38    1   74.00        -1.000000E+02        7.902810E-02
        39    1   76.00        -1.000000E+02        7.902810E-02
        40    1   78.00        -1.000000E+02        7.902810E-02
        41    1   80.00        -1.000000E+02        7.902810E-02
        42    1   82.00        -1.000000E+02        7.902810E-02
        43    1   84.00        -1.000000E+02        7.902810E-02
        44    1   86.00        -1.000000E+02        7.902810E-02
        45    1   88.00        -1.000000E+02        7.902810E-02
        46    1   90.00        -1.000000E+02        7.902810E-02
        47    1   92.00        -1.000000E+02        7.902810E-02
        48    1   94.00        -1.000000E+02        7.902810E-02
        49    1   96.00        -1.000000E+02        7.902810E-02
        50    1   98.00        -1.000000E+02        7.902810E-02
        51    1  100.00        -1.000000E+02        7.902810E-02
        52    1  102.00        -1.000000E+02        7.902810E-02
        53    1  104.00        -1.000000E+02        7.902810E-02
        54    1  106.00        -1.000000E+02        7.902810E-02
        55    1  108.00        -1.000000E+02        7.902810E-02
        56    1  110.00        -1.000000E+02        7.902810E-02
        57    1  112.00        -1.000000E+02        7.902810E-02
        58    1  114.00        -1.000000E+02        7.902810E-02
        59    1  116.00        -1.000000E+02        7.902810E-02
        60    1  118.00        -1.000000E+02        7.902810E-02


              REPORT AT TIME:     4.008E+02      CPU_TIME:********
              **************



 WATER ENTERED IN STEP:   4.8036E-03   CUM. WATER ENTERED:        2.7699E+00
 WATER OUT IN THE STEP:   3.6715E-06   CUM. WATER OUT:            1.4714E-03
 INITIAL WATER VOLUME:    9.8650E+00   ACTUAL WATER VOLUME:       1.2633E+01
 WATER BALANCE ERROR %:   9.3772E-08   NUMBER OF TIME STEPS :         227


       NODE  IMAT    Z               H                   T

         1    1    0.00        -2.000000E+01        2.698348E-01
         2    1    2.00        -2.034163E+01        2.687465E-01
         3    1    4.00        -2.080903E+01        2.671888E-01
         4    1    6.00        -2.145960E+01        2.648882E-01
         5    1    8.00        -2.239106E+01        2.613270E-01
         6    1   10.00        -2.378520E+01        2.554230E-01
         7    1   12.00        -2.602069E+01        2.446291E-01
         8    1   14.00        -2.998595E+01        2.224244E-01
         9    1   16.00        -3.771821E+01        1.766035E-01
        10    1   18.00        -5.140173E+01        1.200921E-01
        11    1   20.00        -7.045073E+01        9.025371E-02
        12    1   22.00        -8.870303E+01        8.140146E-02
        13    1   24.00        -9.737517E+01        7.946611E-02
        14    1   26.00        -9.951518E+01        7.910486E-02
        15    1   28.00        -9.991730E+01        7.904107E-02
        16    1   30.00        -9.998649E+01        7.903021E-02
        17    1   32.00        -9.999787E+01        7.902843E-02
        18    1   34.00        -9.999967E+01        7.902815E-02
        19    1   36.00        -9.999995E+01        7.902811E-02
        20    1   38.00        -9.999999E+01        7.902810E-02
        21    1   40.00        -1.000000E+02        7.902810E-02
        22    1   42.00        -1.000000E+02        7.902810E-02
        23    1   44.00        -1.000000E+02        7.902810E-02
        24    1   46.00        -1.000000E+02        7.902810E-02
        25    1   48.00        -1.000000E+02        7.902810E-02
        26    1   50.00        -1.000000E+02        7.902810E-02
        27    1   52.00        -1.000000E+02        7.902810E-02
        28    1   54.00        -1.000000E+02        7.902810E-02
        29    1   56.00        -1.000000E+02        7.902810E-02
        30    1   58.00        -1.000000E+02        7.902810E-02
        31    1   60.00        -1.000000E+02        7.902810E-02
        32    1   62.00        -1.000000E+02        7.902810E-02
        33    1   64.00        -1.000000E+02        7.902810E-02
        34    1   66.00        -1.000000E+02        7.902810E-02
        35    1   68.00        -1.000000E+02        7.902810E-02
        36    1   70.00        -1.000000E+02        7.902810E-02
        37    1   72.00        -1.000000E+02        7.902810E-02
        38    1   74.00        -1.000000E+02        7.902810E-02
        39    1   76.00        -1.000000E+02        7.902810E-02
        40    1   78.00        -1.000000E+02        7.902810E-02
        41    1   80.00        -1.000000E+02        7.902810E-02
        42    1   82.00        -1.000000E+02        7.902810E-02
        43    1   84.00        -1.000000E+02        7.902810E-02
        44    1   86.00        -1.000000E+02        7.902810E-02
        45    1   88.00        -1.000000E+02        7.902810E-02
        46    1   90.00        -1.000000E+02        7.902810E-02
        47    1   92.00        -1.000000E+02        7.902810E-02
        48    1   94.00        -1.000000E+02        7.902810E-02
        49    1   96.00        -1.000000E+02        7.902810E-02
        50    1   98.00        -1.000000E+02        7.902810E-02
        51    1  100.00        -1.000000E+02        7.902810E-02
        52    1  102.00        -1.000000E+02        7.902810E-02
        53    1  104.00        -1.000000E+02        7.902810E-02
        54    1  106.00        -1.000000E+02        7.902810E-02
        55    1  108.00        -1.000000E+02        7.902810E-02
        56    1  110.00        -1.000000E+02        7.902810E-02
        57    1  112.00        -1.000000E+02        7.902810E-02
        58    1  114.00        -1.000000E+02        7.902810E-02
        59    1  116.00        -1.000000E+02        7.902810E-02
        60    1  118.00        -1.000000E+02        7.902810E-02


              REPORT AT TIME:     6.069E+02      CPU_TIME:********
              **************



 WATER ENTERED IN STEP:   4.4982E-03   CUM. WATER ENTERED:        3.7227E+00
 WATER OUT IN THE STEP:   3.6715E-06   CUM. WATER OUT:            2.2281E-03
 INITIAL WATER VOLUME:    9.8650E+00   ACTUAL WATER VOLUME:       1.3585E+01
 WATER BALANCE ERROR %:   1.7404E-07   NUMBER OF TIME STEPS :         262


       NODE  IMAT    Z               H                   T

         1    1    0.00        -2.000000E+01        2.698348E-01
         2    1    2.00        -2.016792E+01        2.693052E-01
         3    1    4.00        -2.039117E+01        2.685852E-01
         4    1    6.00        -2.068931E+01        2.675954E-01
         5    1    8.00        -2.109111E+01        2.662102E-01
         6    1   10.00        -2.164078E+01        2.642201E-01
         7    1   12.00        -2.241017E+01        2.612507E-01
         8    1   14.00        -2.352468E+01        2.565771E-01
         9    1   16.00        -2.522434E+01        2.486485E-01
        10    1   18.00        -2.802010E+01        2.338162E-01
        11    1   20.00        -3.307651E+01        2.038006E-01
        12    1   22.00        -4.247660E+01        1.523917E-01
        13    1   24.00        -5.736926E+01        1.065551E-01
        14    1   26.00        -7.600018E+01        8.651218E-02
        15    1   28.00        -9.135403E+01        8.071584E-02
        16    1   30.00        -9.788421E+01        7.937673E-02
        17    1   32.00        -9.955972E+01        7.909773E-02
        18    1   34.00        -9.991354E+01        7.904166E-02
        19    1   36.00        -9.998355E+01        7.903068E-02
        20    1   38.00        -9.999695E+01        7.902858E-02
        21    1   40.00        -9.999945E+01        7.902819E-02
        22    1   42.00        -9.999990E+01        7.902811E-02
        23    1   44.00        -9.999998E+01        7.902810E-02
        24    1   46.00        -1.000000E+02        7.902810E-02
        25    1   48.00        -1.000000E+02        7.902810E-02
        26    1   50.00        -1.000000E+02        7.902810E-02
        27    1   52.00        -1.000000E+02        7.902810E-02
        28    1   54.00        -1.000000E+02        7.902810E-02
        29    1   56.00        -1.000000E+02        7.902810E-02
        30    1   58.00        -1.000000E+02        7.902810E-02
        31    1   60.00        -1.000000E+02        7.902810E-02
        32    1   62.00        -1.000000E+02        7.902810E-02
        33    1   64.00        -1.000000E+02        7.902810E-02
        34    1   66.00        -1.000000E+02        7.902810E-02
        35    1   68.00        -1.000000E+02        7.902810E-02
        36    1   70.00        -1.000000E+02        7.902810E-02
        37    1   72.00        -1.000000E+02        7.902810E-02
        38    1   74.00        -1.000000E+02        7.902810E-02
        39    1   76.00        -1.000000E+02        7.902810E-02
        40    1   78.00        -1.000000E+02        7.902810E-02
        41    1   80.00        -1.000000E+02        7.902810E-02
        42    1   82.00        -1.000000E+02        7.902810E-02
        43    1   84.00        -1.000000E+02        7.902810E-02
        44    1   86.00        -1.000000E+02        7.902810E-02
        45    1   88.00        -1.000000E+02        7.902810E-02
        46    1   90.00        -1.000000E+02        7.902810E-02
        47    1   92.00        -1.000000E+02        7.902810E-02
        48    1   94.00        -1.000000E+02        7.902810E-02
        49    1   96.00        -1.000000E+02        7.902810E-02
        50    1   98.00        -1.000000E+02        7.902810E-02
        51    1  100.00        -1.000000E+02        7.902810E-02
        52    1  102.00        -1.000000E+02        7.902810E-02
        53    1  104.00        -1.000000E+02        7.902810E-02
        54    1  106.00        -1.000000E+02        7.902810E-02
        55    1  108.00        -1.000000E+02        7.902810E-02
        56    1  110.00        -1.000000E+02        7.902810E-02
        57    1  112.00        -1.000000E+02        7.902810E-02
        58    1  114.00        -1.000000E+02        7.902810E-02
        59    1  116.00        -1.000000E+02        7.902810E-02
        60    1  118.00        -1.000000E+02        7.902810E-02


              REPORT AT TIME:     8.023E+02      CPU_TIME:********
              **************



 WATER ENTERED IN STEP:   4.3639E-03   CUM. WATER ENTERED:        4.5865E+00
 WATER OUT IN THE STEP:   3.6715E-06   CUM. WATER OUT:            2.9456E-03
 INITIAL WATER VOLUME:    9.8650E+00   ACTUAL WATER VOLUME:       1.4449E+01
 WATER BALANCE ERROR %:   1.6927E-07   NUMBER OF TIME STEPS :         282


       NODE  IMAT    Z               H                   T

         1    1    0.00        -2.000000E+01        2.698348E-01
         2    1    2.00        -2.009284E+01        2.695432E-01
         3    1    4.00        -2.021477E+01        2.691556E-01
         4    1    6.00        -2.037487E+01        2.686383E-01
         5    1    8.00        -2.058564E+01        2.679433E-01
         6    1   10.00        -2.086466E+01        2.669982E-01
         7    1   12.00        -2.123752E+01        2.656909E-01
         8    1   14.00        -2.174292E+01        2.638381E-01
         9    1   16.00        -2.244236E+01        2.611219E-01
        10    1   18.00        -2.344007E+01        2.569471E-01
        11    1   20.00        -2.492780E+01        2.500977E-01
        12    1   22.00        -2.729440E+01        2.378483E-01
        13    1   24.00        -3.139734E+01        2.139678E-01
        14    1   26.00        -3.895808E+01        1.698541E-01
        15    1   28.00        -5.157058E+01        1.196328E-01
        16    1   30.00        -6.867547E+01        9.174777E-02
        17    1   32.00        -8.579552E+01        8.227360E-02
        18    1   34.00        -9.572783E+01        7.977127E-02
        19    1   36.00        -9.897886E+01        7.919189E-02
        20    1   38.00        -9.977510E+01        7.906348E-02
        21    1   40.00        -9.995213E+01        7.903560E-02
        22    1   42.00        -9.999004E+01        7.902966E-02
        23    1   44.00        -9.999797E+01        7.902842E-02
        24    1   46.00        -9.999959E+01        7.902816E-02
        25    1   48.00        -9.999992E+01        7.902811E-02
        26    1   50.00        -9.999998E+01        7.902810E-02
        27    1   52.00        -1.000000E+02        7.902810E-02
        28    1   54.00        -1.000000E+02        7.902810E-02
        29    1   56.00        -1.000000E+02        7.902810E-02
        30    1   58.00        -1.000000E+02        7.902810E-02
        31    1   60.00        -1.000000E+02        7.902810E-02
        32    1   62.00        -1.000000E+02        7.902810E-02
        33    1   64.00        -1.000000E+02        7.902810E-02
        34    1   66.00        -1.000000E+02        7.902810E-02
        35    1   68.00        -1.000000E+02        7.902810E-02
        36    1   70.00        -1.000000E+02        7.902810E-02
        37    1   72.00        -1.000000E+02        7.902810E-02
        38    1   74.00        -1.000000E+02        7.902810E-02
        39    1   76.00        -1.000000E+02        7.902810E-02
        40    1   78.00        -1.000000E+02        7.902810E-02
        41    1   80.00        -1.000000E+02        7.902810E-02
        42    1   82.00        -1.000000E+02        7.902810E-02
        43    1   84.00        -1.000000E+02        7.902810E-02
        44    1   86.00        -1.000000E+02        7.902810E-02
        45    1   88.00        -1.000000E+02        7.902810E-02
        46    1   90.00        -1.000000E+02        7.902810E-02
        47    1   92.00        -1.000000E+02        7.902810E-02
        48    1   94.00        -1.000000E+02        7.902810E-02
        49    1   96.00        -1.000000E+02        7.902810E-02
        50    1   98.00        -1.000000E+02        7.902810E-02
        51    1  100.00        -1.000000E+02        7.902810E-02
        52    1  102.00        -1.000000E+02        7.902810E-02
        53    1  104.00        -1.000000E+02        7.902810E-02
        54    1  106.00        -1.000000E+02        7.902810E-02
        55    1  108.00        -1.000000E+02        7.902810E-02
        56    1  110.00        -1.000000E+02        7.902810E-02
        57    1  112.00        -1.000000E+02        7.902810E-02
        58    1  114.00        -1.000000E+02        7.902810E-02
        59    1  116.00        -1.000000E+02        7.902810E-02
        60    1  118.00        -1.000000E+02        7.902810E-02


              REPORT AT TIME:     1.001E+03      CPU_TIME:********
              **************



 WATER ENTERED IN STEP:   4.2917E-03   CUM. WATER ENTERED:        5.4447E+00
 WATER OUT IN THE STEP:   3.6715E-06   CUM. WATER OUT:            3.6746E-03
 INITIAL WATER VOLUME:    9.8650E+00   ACTUAL WATER VOLUME:       1.5306E+01
 WATER BALANCE ERROR %:   1.3817E-07   NUMBER OF TIME STEPS :         306


       NODE  IMAT    Z               H                   T

         1    1    0.00        -2.000000E+01        2.698348E-01
         2    1    2.00        -2.005277E+01        2.696694E-01
         3    1    4.00        -2.012164E+01        2.694521E-01
         4    1    6.00        -2.021129E+01        2.691667E-01
         5    1    8.00        -2.032793E+01        2.687910E-01
         6    1   10.00        -2.047989E+01        2.682940E-01
         7    1   12.00        -2.067861E+01        2.676315E-01
         8    1   14.00        -2.094006E+01        2.667379E-01
         9    1   16.00        -2.128728E+01        2.655126E-01
        10    1   18.00        -2.175460E+01        2.637943E-01
        11    1   20.00        -2.239572E+01        2.613084E-01
        12    1   22.00        -2.329959E+01        2.575558E-01
        13    1   24.00        -2.462509E+01        2.515492E-01
        14    1   26.00        -2.668298E+01        2.411538E-01
        15    1   28.00        -3.013900E+01        2.215155E-01
        16    1   30.00        -3.640229E+01        1.840532E-01
        17    1   32.00        -4.727083E+01        1.329805E-01
        18    1   34.00        -6.292418E+01        9.792984E-02
        19    1   36.00        -8.049140E+01        8.427339E-02
        20    1   38.00        -9.311272E+01        8.031053E-02
        21    1   40.00        -9.817389E+01        7.932685E-02
        22    1   42.00        -9.956705E+01        7.909656E-02
        23    1   44.00        -9.990128E+01        7.904358E-02
        24    1   46.00        -9.997793E+01        7.903155E-02
        25    1   48.00        -9.999514E+01        7.902886E-02
        26    1   50.00        -9.999895E+01        7.902826E-02
        27    1   52.00        -9.999978E+01        7.902813E-02
        28    1   54.00        -9.999995E+01        7.902811E-02
        29    1   56.00        -9.999999E+01        7.902810E-02
        30    1   58.00        -1.000000E+02        7.902810E-02
        31    1   60.00        -1.000000E+02        7.902810E-02
        32    1   62.00        -1.000000E+02        7.902810E-02
        33    1   64.00        -1.000000E+02        7.902810E-02
        34    1   66.00        -1.000000E+02        7.902810E-02
        35    1   68.00        -1.000000E+02        7.902810E-02
        36    1   70.00        -1.000000E+02        7.902810E-02
        37    1   72.00        -1.000000E+02        7.902810E-02
        38    1   74.00        -1.000000E+02        7.902810E-02
        39    1   76.00        -1.000000E+02        7.902810E-02
        40    1   78.00        -1.000000E+02        7.902810E-02
        41    1   80.00        -1.000000E+02        7.902810E-02
        42    1   82.00        -1.000000E+02        7.902810E-02
        43    1   84.00        -1.000000E+02        7.902810E-02
        44    1   86.00        -1.000000E+02        7.902810E-02
        45    1   88.00        -1.000000E+02        7.902810E-02
        46    1   90.00        -1.000000E+02        7.902810E-02
        47    1   92.00        -1.000000E+02        7.902810E-02
        48    1   94.00        -1.000000E+02        7.902810E-02
        49    1   96.00        -1.000000E+02        7.902810E-02
        50    1   98.00        -1.000000E+02        7.902810E-02
        51    1  100.00        -1.000000E+02        7.902810E-02
        52    1  102.00        -1.000000E+02        7.902810E-02
        53    1  104.00        -1.000000E+02        7.902810E-02
        54    1  106.00        -1.000000E+02        7.902810E-02
        55    1  108.00        -1.000000E+02        7.902810E-02
        56    1  110.00        -1.000000E+02        7.902810E-02
        57    1  112.00        -1.000000E+02        7.902810E-02
        58    1  114.00        -1.000000E+02        7.902810E-02
        59    1  116.00        -1.000000E+02        7.902810E-02
        60    1  118.00        -1.000000E+02        7.902810E-02


              REPORT AT TIME:     1.200E+03      CPU_TIME:********
              **************



 WATER ENTERED IN STEP:   4.2514E-03   CUM. WATER ENTERED:        6.2959E+00
 WATER OUT IN THE STEP:   3.6715E-06   CUM. WATER OUT:            4.4067E-03
 INITIAL WATER VOLUME:    9.8650E+00   ACTUAL WATER VOLUME:       1.6157E+01
 WATER BALANCE ERROR %:   1.1493E-07   NUMBER OF TIME STEPS :         353


       NODE  IMAT    Z               H                   T

         1    1    0.00        -2.000000E+01        2.698348E-01
         2    1    2.00        -2.003054E+01        2.697392E-01
         3    1    4.00        -2.007025E+01        2.696144E-01
         4    1    6.00        -2.012171E+01        2.694519E-01
         5    1    8.00        -2.018823E+01        2.692404E-01
         6    1   10.00        -2.027420E+01        2.689647E-01
         7    1   12.00        -2.038536E+01        2.686042E-01
         8    1   14.00        -2.052945E+01        2.681301E-01
         9    1   16.00        -2.071701E+01        2.675018E-01
        10    1   18.00        -2.096269E+01        2.666594E-01
        11    1   20.00        -2.128743E+01        2.655120E-01
        12    1   22.00        -2.172216E+01        2.639161E-01
        13    1   24.00        -2.231456E+01        2.616313E-01
        14    1   26.00        -2.314222E+01        2.582297E-01
        15    1   28.00        -2.434062E+01        2.528869E-01
        16    1   30.00        -2.616738E+01        2.438693E-01
        17    1   32.00        -2.916060E+01        2.272779E-01
        18    1   34.00        -3.448270E+01        1.953357E-01
        19    1   36.00        -4.396729E+01        1.458112E-01
        20    1   38.00        -5.835595E+01        1.047841E-01
        21    1   40.00        -7.580108E+01        8.662580E-02
        22    1   42.00        -9.035077E+01        8.096414E-02
        23    1   44.00        -9.723221E+01        7.949162E-02
        24    1   46.00        -9.931365E+01        7.913730E-02
        25    1   48.00        -9.983757E+01        7.905362E-02
        26    1   50.00        -9.996224E+01        7.903401E-02
        27    1   52.00        -9.999132E+01        7.902946E-02
        28    1   54.00        -9.999803E+01        7.902841E-02
        29    1   56.00        -9.999956E+01        7.902817E-02
        30    1   58.00        -9.999990E+01        7.902812E-02
        31    1   60.00        -9.999998E+01        7.902810E-02
        32    1   62.00        -1.000000E+02        7.902810E-02
        33    1   64.00        -1.000000E+02        7.902810E-02
        34    1   66.00        -1.000000E+02        7.902810E-02
        35    1   68.00        -1.000000E+02        7.902810E-02
        36    1   70.00        -1.000000E+02        7.902810E-02
        37    1   72.00        -1.000000E+02        7.902810E-02
        38    1   74.00        -1.000000E+02        7.902810E-02
        39    1   76.00        -1.000000E+02        7.902810E-02
        40    1   78.00        -1.000000E+02        7.902810E-02
        41    1   80.00        -1.000000E+02        7.902810E-02
        42    1   82.00        -1.000000E+02        7.902810E-02
        43    1   84.00        -1.000000E+02        7.902810E-02
        44    1   86.00        -1.000000E+02        7.902810E-02
        45    1   88.00        -1.000000E+02        7.902810E-02
        46    1   90.00        -1.000000E+02        7.902810E-02
        47    1   92.00        -1.000000E+02        7.902810E-02
        48    1   94.00        -1.000000E+02        7.902810E-02
        49    1   96.00        -1.000000E+02        7.902810E-02
        50    1   98.00        -1.000000E+02        7.902810E-02
        51    1  100.00        -1.000000E+02        7.902810E-02
        52    1  102.00        -1.000000E+02        7.902810E-02
        53    1  104.00        -1.000000E+02        7.902810E-02
        54    1  106.00        -1.000000E+02        7.902810E-02
        55    1  108.00        -1.000000E+02        7.902810E-02
        56    1  110.00        -1.000000E+02        7.902810E-02
        57    1  112.00        -1.000000E+02        7.902810E-02
        58    1  114.00        -1.000000E+02        7.902810E-02
        59    1  116.00        -1.000000E+02        7.902810E-02
        60    1  118.00        -1.000000E+02        7.902810E-02


              REPORT AT TIME:     1.401E+03      CPU_TIME:********
              **************



 WATER ENTERED IN STEP:   4.2285E-03   CUM. WATER ENTERED:        7.1448E+00
 WATER OUT IN THE STEP:   3.6715E-06   CUM. WATER OUT:            5.1420E-03
 INITIAL WATER VOLUME:    9.8650E+00   ACTUAL WATER VOLUME:       1.7005E+01
 WATER BALANCE ERROR %:   1.0316E-07   NUMBER OF TIME STEPS :         400


       NODE  IMAT    Z               H                   T

         1    1    0.00        -2.000000E+01        2.698348E-01
         2    1    2.00        -2.001789E+01        2.697788E-01
         3    1    4.00        -2.004110E+01        2.697061E-01
         4    1    6.00        -2.007110E+01        2.696118E-01
         5    1    8.00        -2.010976E+01        2.694898E-01
         6    1   10.00        -2.015947E+01        2.693320E-01
         7    1   12.00        -2.022337E+01        2.691280E-01
         8    1   14.00        -2.030554E+01        2.688635E-01
         9    1   16.00        -2.041137E+01        2.685191E-01
        10    1   18.00        -2.054806E+01        2.680684E-01
        11    1   20.00        -2.072539E+01        2.674734E-01
        12    1   22.00        -2.095688E+01        2.666795E-01
        13    1   24.00        -2.126174E+01        2.656042E-01
        14    1   26.00        -2.166808E+01        2.641184E-01
        15    1   28.00        -2.221872E+01        2.620095E-01
        16    1   30.00        -2.298236E+01        2.589055E-01
        17    1   32.00        -2.407660E+01        2.541051E-01
        18    1   34.00        -2.571979E+01        2.461691E-01
        19    1   36.00        -2.835669E+01        2.319102E-01
        20    1   38.00        -3.294787E+01        2.045793E-01
        21    1   40.00        -4.121963E+01        1.583253E-01
        22    1   42.00        -5.434870E+01        1.127502E-01
        23    1   44.00        -7.128383E+01        8.960769E-02
        24    1   46.00        -8.720847E+01        8.183269E-02
        25    1   48.00        -9.602589E+01        7.971419E-02
        26    1   50.00        -9.897571E+01        7.919241E-02
        27    1   52.00        -9.975165E+01        7.906720E-02
        28    1   54.00        -9.994095E+01        7.903735E-02
        29    1   56.00        -9.998608E+01        7.903028E-02
        30    1   58.00        -9.999674E+01        7.902861E-02
        31    1   60.00        -9.999924E+01        7.902822E-02
        32    1   62.00        -9.999983E+01        7.902813E-02
        33    1   64.00        -9.999996E+01        7.902811E-02
        34    1   66.00        -9.999999E+01        7.902810E-02
        35    1   68.00        -1.000000E+02        7.902810E-02
        36    1   70.00        -1.000000E+02        7.902810E-02
        37    1   72.00        -1.000000E+02        7.902810E-02
        38    1   74.00        -1.000000E+02        7.902810E-02
        39    1   76.00        -1.000000E+02        7.902810E-02
        40    1   78.00        -1.000000E+02        7.902810E-02
        41    1   80.00        -1.000000E+02        7.902810E-02
        42    1   82.00        -1.000000E+02        7.902810E-02
        43    1   84.00        -1.000000E+02        7.902810E-02
        44    1   86.00        -1.000000E+02        7.902810E-02
        45    1   88.00        -1.000000E+02        7.902810E-02
        46    1   90.00        -1.000000E+02        7.902810E-02
        47    1   92.00        -1.000000E+02        7.902810E-02
        48    1   94.00        -1.000000E+02        7.902810E-02
        49    1   96.00        -1.000000E+02        7.902810E-02
        50    1   98.00        -1.000000E+02        7.902810E-02
        51    1  100.00        -1.000000E+02        7.902810E-02
        52    1  102.00        -1.000000E+02        7.902810E-02
        53    1  104.00        -1.000000E+02        7.902810E-02
        54    1  106.00        -1.000000E+02        7.902810E-02
        55    1  108.00        -1.000000E+02        7.902810E-02
        56    1  110.00        -1.000000E+02        7.902810E-02
        57    1  112.00        -1.000000E+02        7.902810E-02
        58    1  114.00        -1.000000E+02        7.902810E-02
        59    1  116.00        -1.000000E+02        7.902810E-02
        60    1  118.00        -1.000000E+02        7.902810E-02


              REPORT AT TIME:     1.603E+03      CPU_TIME:********
              **************



 WATER ENTERED IN STEP:   4.2151E-03   CUM. WATER ENTERED:        7.9996E+00
 WATER OUT IN THE STEP:   3.6715E-06   CUM. WATER OUT:            5.8855E-03
 INITIAL WATER VOLUME:    9.8650E+00   ACTUAL WATER VOLUME:       1.7859E+01
 WATER BALANCE ERROR %:   9.0251E-08   NUMBER OF TIME STEPS :         437


       NODE  IMAT    Z               H                   T

         1    1    0.00        -2.000000E+01        2.698348E-01
         2    1    2.00        -2.001052E+01        2.698019E-01
         3    1    4.00        -2.002415E+01        2.697592E-01
         4    1    6.00        -2.004174E+01        2.697041E-01
         5    1    8.00        -2.006436E+01        2.696330E-01
         6    1   10.00        -2.009337E+01        2.695415E-01
         7    1   12.00        -2.013054E+01        2.694239E-01
         8    1   14.00        -2.017811E+01        2.692727E-01
         9    1   16.00        -2.023902E+01        2.690778E-01
        10    1   18.00        -2.031708E+01        2.688261E-01
        11    1   20.00        -2.041731E+01        2.684997E-01
        12    1   22.00        -2.054643E+01        2.680738E-01
        13    1   24.00        -2.071348E+01        2.675137E-01
        14    1   26.00        -2.093094E+01        2.667695E-01
        15    1   28.00        -2.121637E+01        2.657664E-01
        16    1   30.00        -2.159529E+01        2.643889E-01
        17    1   32.00        -2.210615E+01        2.624495E-01
        18    1   34.00        -2.280973E+01        2.596252E-01
        19    1   36.00        -2.380822E+01        2.553199E-01
        20    1   38.00        -2.528702E+01        2.483388E-01
        21    1   40.00        -2.761437E+01        2.360842E-01
        22    1   42.00        -3.157772E+01        2.128780E-01
        23    1   44.00        -3.871721E+01        1.711430E-01
        24    1   46.00        -5.052555E+01        1.225564E-01
        25    1   48.00        -6.663723E+01        9.368300E-02
        26    1   50.00        -8.343947E+01        8.308918E-02
        27    1   52.00        -9.435193E+01        8.004610E-02
        28    1   54.00        -9.847675E+01        7.927545E-02
        29    1   56.00        -9.962214E+01        7.908777E-02
        30    1   58.00        -9.990860E+01        7.904243E-02
        31    1   60.00        -9.997810E+01        7.903153E-02
        32    1   62.00        -9.999478E+01        7.902892E-02
        33    1   64.00        -9.999876E+01        7.902829E-02
        34    1   66.00        -9.999971E+01        7.902815E-02
        35    1   68.00        -9.999993E+01        7.902811E-02
        36    1   70.00        -9.999998E+01        7.902810E-02
        37    1   72.00        -1.000000E+02        7.902810E-02
        38    1   74.00        -1.000000E+02        7.902810E-02
        39    1   76.00        -1.000000E+02        7.902810E-02
        40    1   78.00        -1.000000E+02        7.902810E-02
        41    1   80.00        -1.000000E+02        7.902810E-02
        42    1   82.00        -1.000000E+02        7.902810E-02
        43    1   84.00        -1.000000E+02        7.902810E-02
        44    1   86.00        -1.000000E+02        7.902810E-02
        45    1   88.00        -1.000000E+02        7.902810E-02
        46    1   90.00        -1.000000E+02        7.902810E-02
        47    1   92.00        -1.000000E+02        7.902810E-02
        48    1   94.00        -1.000000E+02        7.902810E-02
        49    1   96.00        -1.000000E+02        7.902810E-02
        50    1   98.00        -1.000000E+02        7.902810E-02
        51    1  100.00        -1.000000E+02        7.902810E-02
        52    1  102.00        -1.000000E+02        7.902810E-02
        53    1  104.00        -1.000000E+02        7.902810E-02
        54    1  106.00        -1.000000E+02        7.902810E-02
        55    1  108.00        -1.000000E+02        7.902810E-02
        56    1  110.00        -1.000000E+02        7.902810E-02
        57    1  112.00        -1.000000E+02        7.902810E-02
        58    1  114.00        -1.000000E+02        7.902810E-02
        59    1  116.00        -1.000000E+02        7.902810E-02
        60    1  118.00        -1.000000E+02        7.902810E-02


              REPORT AT TIME:     1.803E+03      CPU_TIME:********
              **************



 WATER ENTERED IN STEP:   4.2073E-03   CUM. WATER ENTERED:        8.8400E+00
 WATER OUT IN THE STEP:   3.6715E-06   CUM. WATER OUT:            6.6183E-03
 INITIAL WATER VOLUME:    9.8650E+00   ACTUAL WATER VOLUME:       1.8698E+01
 WATER BALANCE ERROR %:   7.7880E-08   NUMBER OF TIME STEPS :         458


       NODE  IMAT    Z               H                   T

         1    1    0.00        -2.000000E+01        2.698348E-01
         2    1    2.00        -2.000628E+01        2.698152E-01
         3    1    4.00        -2.001441E+01        2.697897E-01
         4    1    6.00        -2.002489E+01        2.697569E-01
         5    1    8.00        -2.003836E+01        2.697147E-01
         6    1   10.00        -2.005560E+01        2.696605E-01
         7    1   12.00        -2.007765E+01        2.695911E-01
         8    1   14.00        -2.010580E+01        2.695023E-01
         9    1   16.00        -2.014171E+01        2.693885E-01
        10    1   18.00        -2.018754E+01        2.692426E-01
        11    1   20.00        -2.024606E+01        2.690552E-01
        12    1   22.00        -2.032088E+01        2.688138E-01
        13    1   24.00        -2.041676E+01        2.685015E-01
        14    1   26.00        -2.054001E+01        2.680951E-01
        15    1   28.00        -2.069915E+01        2.675622E-01
        16    1   30.00        -2.090584E+01        2.668563E-01
        17    1   32.00        -2.117644E+01        2.659085E-01
        18    1   34.00        -2.153454E+01        2.646133E-01
        19    1   36.00        -2.201538E+01        2.628010E-01
        20    1   38.00        -2.267403E+01        2.601836E-01
        21    1   40.00        -2.360173E+01        2.562382E-01
        22    1   42.00        -2.496107E+01        2.499365E-01
        23    1   44.00        -2.706817E+01        2.390816E-01
        24    1   46.00        -3.059013E+01        2.188233E-01
        25    1   48.00        -3.688923E+01        1.812652E-01
        26    1   50.00        -4.760656E+01        1.318075E-01
        27    1   52.00        -6.284534E+01        9.803156E-02
        28    1   54.00        -7.990459E+01        8.453376E-02
        29    1   56.00        -9.248988E+01        8.044989E-02
        30    1   58.00        -9.786392E+01        7.938025E-02
        31    1   60.00        -9.945515E+01        7.911449E-02
        32    1   62.00        -9.986566E+01        7.904919E-02
        33    1   64.00        -9.996727E+01        7.903323E-02
        34    1   66.00        -9.999208E+01        7.902934E-02
        35    1   68.00        -9.999809E+01        7.902840E-02
        36    1   70.00        -9.999954E+01        7.902817E-02
        37    1   72.00        -9.999989E+01        7.902812E-02
        38    1   74.00        -9.999997E+01        7.902810E-02
        39    1   76.00        -9.999999E+01        7.902810E-02
        40    1   78.00        -1.000000E+02        7.902810E-02
        41    1   80.00        -1.000000E+02        7.902810E-02
        42    1   82.00        -1.000000E+02        7.902810E-02
        43    1   84.00        -1.000000E+02        7.902810E-02
        44    1   86.00        -1.000000E+02        7.902810E-02
        45    1   88.00        -1.000000E+02        7.902810E-02
        46    1   90.00        -1.000000E+02        7.902810E-02
        47    1   92.00        -1.000000E+02        7.902810E-02
        48    1   94.00        -1.000000E+02        7.902810E-02
        49    1   96.00        -1.000000E+02        7.902810E-02
        50    1   98.00        -1.000000E+02        7.902810E-02
        51    1  100.00        -1.000000E+02        7.902810E-02
        52    1  102.00        -1.000000E+02        7.902810E-02
        53    1  104.00        -1.000000E+02        7.902810E-02
        54    1  106.00        -1.000000E+02        7.902810E-02
        55    1  108.00        -1.000000E+02        7.902810E-02
        56    1  110.00        -1.000000E+02        7.902810E-02
        57    1  112.00        -1.000000E+02        7.902810E-02
        58    1  114.00        -1.000000E+02        7.902810E-02
        59    1  116.00        -1.000000E+02        7.902810E-02
        60    1  118.00        -1.000000E+02        7.902810E-02


              REPORT AT TIME:     2.005E+03      CPU_TIME:********
              **************



 WATER ENTERED IN STEP:   4.2027E-03   CUM. WATER ENTERED:        9.6900E+00
 WATER OUT IN THE STEP:   3.6715E-06   CUM. WATER OUT:            7.3605E-03
 INITIAL WATER VOLUME:    9.8650E+00   ACTUAL WATER VOLUME:       1.9548E+01
 WATER BALANCE ERROR %:   6.7836E-08   NUMBER OF TIME STEPS :         480


       NODE  IMAT    Z               H                   T

         1    1    0.00        -2.000000E+01        2.698348E-01
         2    1    2.00        -2.000373E+01        2.698231E-01
         3    1    4.00        -2.000856E+01        2.698080E-01
         4    1    6.00        -2.001479E+01        2.697885E-01
         5    1    8.00        -2.002278E+01        2.697635E-01
         6    1   10.00        -2.003300E+01        2.697315E-01
         7    1   12.00        -2.004605E+01        2.696905E-01
         8    1   14.00        -2.006269E+01        2.696382E-01
         9    1   16.00        -2.008388E+01        2.695715E-01
        10    1   18.00        -2.011085E+01        2.694863E-01
        11    1   20.00        -2.014517E+01        2.693775E-01
        12    1   22.00        -2.018887E+01        2.692384E-01
        13    1   24.00        -2.024455E+01        2.690601E-01
        14    1   26.00        -2.031563E+01        2.688308E-01
        15    1   28.00        -2.040655E+01        2.685349E-01
        16    1   30.00        -2.052324E+01        2.681507E-01
        17    1   32.00        -2.067362E+01        2.676483E-01
        18    1   34.00        -2.086853E+01        2.669848E-01
        19    1   36.00        -2.112308E+01        2.660975E-01
        20    1   38.00        -2.145887E+01        2.648909E-01
        21    1   40.00        -2.190793E+01        2.632132E-01
        22    1   42.00        -2.251968E+01        2.608108E-01
        23    1   44.00        -2.337482E+01        2.572307E-01
        24    1   46.00        -2.461444E+01        2.515997E-01
        25    1   48.00        -2.650697E+01        2.420885E-01
        26    1   50.00        -2.960970E+01        2.246476E-01
        27    1   52.00        -3.509592E+01        1.916881E-01
        28    1   54.00        -4.468683E+01        1.428127E-01
        29    1   56.00        -5.895534E+01        1.037632E-01
        30    1   58.00        -7.600158E+01        8.651139E-02
        31    1   60.00        -9.016566E+01        8.101140E-02
        32    1   62.00        -9.704094E+01        7.952603E-02
        33    1   64.00        -9.922496E+01        7.915167E-02
        34    1   66.00        -9.980566E+01        7.905865E-02
        35    1   68.00        -9.995194E+01        7.903563E-02
        36    1   70.00        -9.998819E+01        7.902995E-02
        37    1   72.00        -9.999711E+01        7.902855E-02
        38    1   74.00        -9.999930E+01        7.902821E-02
        39    1   76.00        -9.999983E+01        7.902813E-02
        40    1   78.00        -9.999996E+01        7.902811E-02
        41    1   80.00        -9.999999E+01        7.902810E-02
        42    1   82.00        -1.000000E+02        7.902810E-02
        43    1   84.00        -1.000000E+02        7.902810E-02
        44    1   86.00        -1.000000E+02        7.902810E-02
        45    1   88.00        -1.000000E+02        7.902810E-02
        46    1   90.00        -1.000000E+02        7.902810E-02
        47    1   92.00        -1.000000E+02        7.902810E-02
        48    1   94.00        -1.000000E+02        7.902810E-02
        49    1   96.00        -1.000000E+02        7.902810E-02
        50    1   98.00        -1.000000E+02        7.902810E-02
        51    1  100.00        -1.000000E+02        7.902810E-02
        52    1  102.00        -1.000000E+02        7.902810E-02
        53    1  104.00        -1.000000E+02        7.902810E-02
        54    1  106.00        -1.000000E+02        7.902810E-02
        55    1  108.00        -1.000000E+02        7.902810E-02
        56    1  110.00        -1.000000E+02        7.902810E-02
        57    1  112.00        -1.000000E+02        7.902810E-02
        58    1  114.00        -1.000000E+02        7.902810E-02
        59    1  116.00        -1.000000E+02        7.902810E-02
        60    1  118.00        -1.000000E+02        7.902810E-02


              REPORT AT TIME:     2.205E+03      CPU_TIME:********
              **************



 WATER ENTERED IN STEP:   4.2000E-03   CUM. WATER ENTERED:        1.0532E+01
 WATER OUT IN THE STEP:   3.6715E-06   CUM. WATER OUT:            8.0961E-03
 INITIAL WATER VOLUME:    9.8650E+00   ACTUAL WATER VOLUME:       2.0389E+01
 WATER BALANCE ERROR %:   6.0598E-08   NUMBER OF TIME STEPS :         502


       NODE  IMAT    Z               H                   T

         1    1    0.00        -2.000000E+01        2.698348E-01
         2    1    2.00        -2.000223E+01        2.698278E-01
         3    1    4.00        -2.000512E+01        2.698188E-01
         4    1    6.00        -2.000884E+01        2.698071E-01
         5    1    8.00        -2.001361E+01        2.697922E-01
         6    1   10.00        -2.001972E+01        2.697731E-01
         7    1   12.00        -2.002751E+01        2.697487E-01
         8    1   14.00        -2.003743E+01        2.697176E-01
         9    1   16.00        -2.005004E+01        2.696780E-01
        10    1   18.00        -2.006608E+01        2.696276E-01
        11    1   20.00        -2.008645E+01        2.695634E-01
        12    1   22.00        -2.011231E+01        2.694817E-01
        13    1   24.00        -2.014517E+01        2.693775E-01
        14    1   26.00        -2.018695E+01        2.692445E-01
        15    1   28.00        -2.024012E+01        2.690743E-01
        16    1   30.00        -2.030789E+01        2.688559E-01
        17    1   32.00        -2.039449E+01        2.685743E-01
        18    1   34.00        -2.050548E+01        2.682095E-01
        19    1   36.00        -2.064832E+01        2.677334E-01
        20    1   38.00        -2.083316E+01        2.671063E-01
        21    1   40.00        -2.107407E+01        2.662702E-01
        22    1   42.00        -2.139108E+01        2.651378E-01
        23    1   44.00        -2.181363E+01        2.635716E-01
        24    1   46.00        -2.238673E+01        2.613443E-01
        25    1   48.00        -2.318295E+01        2.580561E-01
        26    1   50.00        -2.432721E+01        2.529493E-01
        27    1   52.00        -2.605271E+01        2.444638E-01
        28    1   54.00        -2.883533E+01        2.291648E-01
        29    1   56.00        -3.368685E+01        2.001135E-01
        30    1   58.00        -4.229566E+01        1.532243E-01
        31    1   60.00        -5.561462E+01        1.100035E-01
        32    1   62.00        -7.238474E+01        8.880350E-02
        33    1   64.00        -8.772383E+01        8.168007E-02
        34    1   66.00        -9.610056E+01        7.970002E-02
        35    1   68.00        -9.895561E+01        7.919571E-02
        36    1   70.00        -9.973525E+01        7.906979E-02
        37    1   72.00        -9.993395E+01        7.903845E-02
        38    1   74.00        -9.998362E+01        7.903066E-02
        39    1   76.00        -9.999595E+01        7.902873E-02
        40    1   78.00        -9.999900E+01        7.902826E-02
        41    1   80.00        -9.999975E+01        7.902814E-02
        42    1   82.00        -9.999994E+01        7.902811E-02
        43    1   84.00        -9.999999E+01        7.902810E-02
        44    1   86.00        -1.000000E+02        7.902810E-02
        45    1   88.00        -1.000000E+02        7.902810E-02
        46    1   90.00        -1.000000E+02        7.902810E-02
        47    1   92.00        -1.000000E+02        7.902810E-02
        48    1   94.00        -1.000000E+02        7.902810E-02
        49    1   96.00        -1.000000E+02        7.902810E-02
        50    1   98.00        -1.000000E+02        7.902810E-02
        51    1  100.00        -1.000000E+02        7.902810E-02
        52    1  102.00        -1.000000E+02        7.902810E-02
        53    1  104.00        -1.000000E+02        7.902810E-02
        54    1  106.00        -1.000000E+02        7.902810E-02
        55    1  108.00        -1.000000E+02        7.902810E-02
        56    1  110.00        -1.000000E+02        7.902810E-02
        57    1  112.00        -1.000000E+02        7.902810E-02
        58    1  114.00        -1.000000E+02        7.902810E-02
        59    1  116.00        -1.000000E+02        7.902810E-02
        60    1  118.00        -1.000000E+02        7.902810E-02


              REPORT AT TIME:     2.400E+03      CPU_TIME:********
              **************



 WATER ENTERED IN STEP:   4.1984E-03   CUM. WATER ENTERED:        1.1350E+01
 WATER OUT IN THE STEP:   3.6715E-06   CUM. WATER OUT:            8.8116E-03
 INITIAL WATER VOLUME:    9.8650E+00   ACTUAL WATER VOLUME:       2.1206E+01
 WATER BALANCE ERROR %:  -7.6695E-08   NUMBER OF TIME STEPS :         535


       NODE  IMAT    Z               H                   T

         1    1    0.00        -2.000000E+01        2.698348E-01
         2    1    2.00        -2.000135E+01        2.698305E-01
         3    1    4.00        -2.000311E+01        2.698251E-01
         4    1    6.00        -2.000537E+01        2.698180E-01
         5    1    8.00        -2.000827E+01        2.698089E-01
         6    1   10.00        -2.001197E+01        2.697973E-01
         7    1   12.00        -2.001670E+01        2.697826E-01
         8    1   14.00        -2.002271E+01        2.697637E-01
         9    1   16.00        -2.003036E+01        2.697398E-01
        10    1   18.00        -2.004007E+01        2.697093E-01
        11    1   20.00        -2.005239E+01        2.696706E-01
        12    1   22.00        -2.006801E+01        2.696215E-01
        13    1   24.00        -2.008782E+01        2.695590E-01
        14    1   26.00        -2.011295E+01        2.694796E-01
        15    1   28.00        -2.014484E+01        2.693786E-01
        16    1   30.00        -2.018533E+01        2.692497E-01
        17    1   32.00        -2.023682E+01        2.690849E-01
        18    1   34.00        -2.030240E+01        2.688736E-01
        19    1   36.00        -2.038612E+01        2.686017E-01
        20    1   38.00        -2.049333E+01        2.682497E-01
        21    1   40.00        -2.063118E+01        2.677909E-01
        22    1   42.00        -2.080935E+01        2.671877E-01
        23    1   44.00        -2.104125E+01        2.663853E-01
        24    1   46.00        -2.134588E+01        2.653015E-01
        25    1   48.00        -2.175099E+01        2.638078E-01
        26    1   50.00        -2.229877E+01        2.616938E-01
        27    1   52.00        -2.305664E+01        2.585926E-01
        28    1   54.00        -2.413936E+01        2.538176E-01
        29    1   56.00        -2.575842E+01        2.459728E-01
        30    1   58.00        -2.833995E+01        2.320055E-01
        31    1   60.00        -3.279291E+01        2.055178E-01
        32    1   62.00        -4.075403E+01        1.606110E-01
        33    1   64.00        -5.340560E+01        1.149492E-01
        34    1   66.00        -6.985828E+01        9.073395E-02
        35    1   68.00        -8.582327E+01        8.226461E-02
        36    1   70.00        -9.529556E+01        7.985558E-02
        37    1   72.00        -9.871507E+01        7.923554E-02
        38    1   74.00        -9.967135E+01        7.907994E-02
        39    1   76.00        -9.991751E+01        7.904103E-02
        40    1   78.00        -9.997942E+01        7.903132E-02
        41    1   80.00        -9.999488E+01        7.902890E-02
        42    1   82.00        -9.999873E+01        7.902830E-02
        43    1   84.00        -9.999969E+01        7.902815E-02
        44    1   86.00        -9.999992E+01        7.902811E-02
        45    1   88.00        -9.999998E+01        7.902810E-02
        46    1   90.00        -1.000000E+02        7.902810E-02
        47    1   92.00        -1.000000E+02        7.902810E-02
        48    1   94.00        -1.000000E+02        7.902810E-02
        49    1   96.00        -1.000000E+02        7.902810E-02
        50    1   98.00        -1.000000E+02        7.902810E-02
        51    1  100.00        -1.000000E+02        7.902810E-02
        52    1  102.00        -1.000000E+02        7.902810E-02
        53    1  104.00        -1.000000E+02        7.902810E-02
        54    1  106.00        -1.000000E+02        7.902810E-02
        55    1  108.00        -1.000000E+02        7.902810E-02
        56    1  110.00        -1.000000E+02        7.902810E-02
        57    1  112.00        -1.000000E+02        7.902810E-02
        58    1  114.00        -1.000000E+02        7.902810E-02
        59    1  116.00        -1.000000E+02        7.902810E-02
        60    1  118.00        -1.000000E+02        7.902810E-02


              REPORT AT TIME:     2.608E+03      CPU_TIME:********
              **************



 WATER ENTERED IN STEP:   4.1974E-03   CUM. WATER ENTERED:        1.2223E+01
 WATER OUT IN THE STEP:   3.6715E-06   CUM. WATER OUT:            9.5752E-03
 INITIAL WATER VOLUME:    9.8650E+00   ACTUAL WATER VOLUME:       2.2079E+01
 WATER BALANCE ERROR %:  -1.3537E-07   NUMBER OF TIME STEPS :         610


       NODE  IMAT    Z               H                   T

         1    1    0.00        -2.000000E+01        2.698348E-01
         2    1    2.00        -2.000080E+01        2.698323E-01
         3    1    4.00        -2.000182E+01        2.698291E-01
         4    1    6.00        -2.000315E+01        2.698249E-01
         5    1    8.00        -2.000485E+01        2.698196E-01
         6    1   10.00        -2.000702E+01        2.698128E-01
         7    1   12.00        -2.000979E+01        2.698042E-01
         8    1   14.00        -2.001332E+01        2.697931E-01
         9    1   16.00        -2.001780E+01        2.697791E-01
        10    1   18.00        -2.002348E+01        2.697613E-01
        11    1   20.00        -2.003069E+01        2.697387E-01
        12    1   22.00        -2.003982E+01        2.697101E-01
        13    1   24.00        -2.005139E+01        2.696738E-01
        14    1   26.00        -2.006604E+01        2.696277E-01
        15    1   28.00        -2.008459E+01        2.695692E-01
        16    1   30.00        -2.010810E+01        2.694950E-01
        17    1   32.00        -2.013790E+01        2.694006E-01
        18    1   34.00        -2.017570E+01        2.692804E-01
        19    1   36.00        -2.022374E+01        2.691268E-01
        20    1   38.00        -2.028486E+01        2.689303E-01
        21    1   40.00        -2.036281E+01        2.686777E-01
        22    1   42.00        -2.046251E+01        2.683513E-01
        23    1   44.00        -2.059052E+01        2.679270E-01
        24    1   46.00        -2.075568E+01        2.673706E-01
        25    1   48.00        -2.097018E+01        2.666333E-01
        26    1   50.00        -2.125113E+01        2.656422E-01
        27    1   52.00        -2.162332E+01        2.642850E-01
        28    1   54.00        -2.212395E+01        2.623802E-01
        29    1   56.00        -2.281160E+01        2.596174E-01
        30    1   58.00        -2.378404E+01        2.554282E-01
        31    1   60.00        -2.521720E+01        2.486837E-01
        32    1   62.00        -2.745681E+01        2.369556E-01
        33    1   64.00        -3.123562E+01        2.149437E-01
        34    1   66.00        -3.800517E+01        1.750166E-01
        35    1   68.00        -4.930084E+01        1.262365E-01
        36    1   70.00        -6.495485E+01        9.548162E-02
        37    1   72.00        -8.180347E+01        8.372188E-02
        38    1   74.00        -9.345060E+01        8.023677E-02
        39    1   76.00        -9.815674E+01        7.932978E-02
        40    1   78.00        -9.952579E+01        7.910316E-02
        41    1   80.00        -9.988091E+01        7.904679E-02
        42    1   82.00        -9.997026E+01        7.903276E-02
        43    1   84.00        -9.999258E+01        7.902926E-02
        44    1   86.00        -9.999815E+01        7.902839E-02
        45    1   88.00        -9.999954E+01        7.902817E-02
        46    1   90.00        -9.999989E+01        7.902812E-02
        47    1   92.00        -9.999997E+01        7.902810E-02
        48    1   94.00        -9.999999E+01        7.902810E-02
        49    1   96.00        -1.000000E+02        7.902810E-02
        50    1   98.00        -1.000000E+02        7.902810E-02
        51    1  100.00        -1.000000E+02        7.902810E-02
        52    1  102.00        -1.000000E+02        7.902810E-02
        53    1  104.00        -1.000000E+02        7.902810E-02
        54    1  106.00        -1.000000E+02        7.902810E-02
        55    1  108.00        -1.000000E+02        7.902810E-02
        56    1  110.00        -1.000000E+02        7.902810E-02
        57    1  112.00        -1.000000E+02        7.902810E-02
        58    1  114.00        -1.000000E+02        7.902810E-02
        59    1  116.00        -1.000000E+02        7.902810E-02
        60    1  118.00        -1.000000E+02        7.902810E-02


              REPORT AT TIME:     2.806E+03      CPU_TIME:********
              **************



 WATER ENTERED IN STEP:   4.1968E-03   CUM. WATER ENTERED:        1.3053E+01
 WATER OUT IN THE STEP:   3.6715E-06   CUM. WATER OUT:            1.0301E-02
 INITIAL WATER VOLUME:    9.8650E+00   ACTUAL WATER VOLUME:       2.2908E+01
 WATER BALANCE ERROR %:  -1.2724E-07   NUMBER OF TIME STEPS :         630


       NODE  IMAT    Z               H                   T

         1    1    0.00        -2.000000E+01        2.698348E-01
         2    1    2.00        -2.000048E+01        2.698333E-01
         3    1    4.00        -2.000110E+01        2.698313E-01
         4    1    6.00        -2.000190E+01        2.698288E-01
         5    1    8.00        -2.000293E+01        2.698256E-01
         6    1   10.00        -2.000424E+01        2.698215E-01
         7    1   12.00        -2.000592E+01        2.698163E-01
         8    1   14.00        -2.000804E+01        2.698096E-01
         9    1   16.00        -2.001075E+01        2.698012E-01
        10    1   18.00        -2.001418E+01        2.697904E-01
        11    1   20.00        -2.001853E+01        2.697768E-01
        12    1   22.00        -2.002404E+01        2.697596E-01
        13    1   24.00        -2.003101E+01        2.697377E-01
        14    1   26.00        -2.003984E+01        2.697100E-01
        15    1   28.00        -2.005101E+01        2.696750E-01
        16    1   30.00        -2.006514E+01        2.696305E-01
        17    1   32.00        -2.008303E+01        2.695742E-01
        18    1   34.00        -2.010567E+01        2.695027E-01
        19    1   36.00        -2.013436E+01        2.694118E-01
        20    1   38.00        -2.017075E+01        2.692961E-01
        21    1   40.00        -2.021695E+01        2.691486E-01
        22    1   42.00        -2.027571E+01        2.689598E-01
        23    1   44.00        -2.035059E+01        2.687174E-01
        24    1   46.00        -2.044631E+01        2.684046E-01
        25    1   48.00        -2.056910E+01        2.679984E-01
        26    1   50.00        -2.072736E+01        2.674667E-01
        27    1   52.00        -2.093261E+01        2.667637E-01
        28    1   54.00        -2.120097E+01        2.658213E-01
        29    1   56.00        -2.155565E+01        2.645355E-01
        30    1   58.00        -2.203126E+01        2.627397E-01
        31    1   60.00        -2.268175E+01        2.601520E-01
        32    1   62.00        -2.359617E+01        2.562627E-01
        33    1   64.00        -2.493245E+01        2.500752E-01
        34    1   66.00        -2.699578E+01        2.394738E-01
        35    1   68.00        -3.042630E+01        2.198031E-01
        36    1   70.00        -3.653431E+01        1.832939E-01
        37    1   72.00        -4.696079E+01        1.340846E-01
        38    1   74.00        -6.190608E+01        9.928463E-02
        39    1   76.00        -7.889457E+01        8.500308E-02
        40    1   78.00        -9.185236E+01        8.059723E-02
        41    1   80.00        -9.761847E+01        7.942311E-02
        42    1   82.00        -9.937867E+01        7.912680E-02
        43    1   84.00        -9.984325E+01        7.905272E-02
        44    1   86.00        -9.996082E+01        7.903424E-02
        45    1   88.00        -9.999023E+01        7.902963E-02
        46    1   90.00        -9.999757E+01        7.902848E-02
        47    1   92.00        -9.999939E+01        7.902819E-02
        48    1   94.00        -9.999985E+01        7.902812E-02
        49    1   96.00        -9.999996E+01        7.902811E-02
        50    1   98.00        -9.999999E+01        7.902810E-02
        51    1  100.00        -1.000000E+02        7.902810E-02
        52    1  102.00        -1.000000E+02        7.902810E-02
        53    1  104.00        -1.000000E+02        7.902810E-02
        54    1  106.00        -1.000000E+02        7.902810E-02
        55    1  108.00        -1.000000E+02        7.902810E-02
        56    1  110.00        -1.000000E+02        7.902810E-02
        57    1  112.00        -1.000000E+02        7.902810E-02
        58    1  114.00        -1.000000E+02        7.902810E-02
        59    1  116.00        -1.000000E+02        7.902810E-02
        60    1  118.00        -1.000000E+02        7.902810E-02


              REPORT AT TIME:     3.000E+03      CPU_TIME:********
              **************



 WATER ENTERED IN STEP:   4.1964E-03   CUM. WATER ENTERED:        1.3870E+01
 WATER OUT IN THE STEP:   3.6715E-06   CUM. WATER OUT:            1.1016E-02
 INITIAL WATER VOLUME:    9.8650E+00   ACTUAL WATER VOLUME:       2.3724E+01
 WATER BALANCE ERROR %:  -1.1998E-07   NUMBER OF TIME STEPS :         651


       NODE  IMAT    Z               H                   T

         1    1    0.00        -2.000000E+01        2.698348E-01
         2    1    2.00        -2.000029E+01        2.698339E-01
         3    1    4.00        -2.000067E+01        2.698327E-01
         4    1    6.00        -2.000116E+01        2.698311E-01
         5    1    8.00        -2.000179E+01        2.698292E-01
         6    1   10.00        -2.000259E+01        2.698267E-01
         7    1   12.00        -2.000361E+01        2.698235E-01
         8    1   14.00        -2.000490E+01        2.698194E-01
         9    1   16.00        -2.000655E+01        2.698143E-01
        10    1   18.00        -2.000864E+01        2.698078E-01
        11    1   20.00        -2.001129E+01        2.697995E-01
        12    1   22.00        -2.001464E+01        2.697890E-01
        13    1   24.00        -2.001889E+01        2.697757E-01
        14    1   26.00        -2.002426E+01        2.697589E-01
        15    1   28.00        -2.003105E+01        2.697376E-01
        16    1   30.00        -2.003963E+01        2.697107E-01
        17    1   32.00        -2.005048E+01        2.696766E-01
        18    1   34.00        -2.006420E+01        2.696335E-01
        19    1   36.00        -2.008156E+01        2.695788E-01
        20    1   38.00        -2.010352E+01        2.695095E-01
        21    1   40.00        -2.013134E+01        2.694214E-01
        22    1   42.00        -2.016660E+01        2.693094E-01
        23    1   44.00        -2.021135E+01        2.691665E-01
        24    1   46.00        -2.026824E+01        2.689839E-01
        25    1   48.00        -2.034071E+01        2.687495E-01
        26    1   50.00        -2.043327E+01        2.684474E-01
        27    1   52.00        -2.055194E+01        2.680555E-01
        28    1   54.00        -2.070476E+01        2.675432E-01
        29    1   56.00        -2.090274E+01        2.668670E-01
        30    1   58.00        -2.116123E+01        2.659625E-01
        31    1   60.00        -2.150228E+01        2.647319E-01
        32    1   62.00        -2.195851E+01        2.630197E-01
        33    1   64.00        -2.258049E+01        2.605647E-01
        34    1   66.00        -2.345090E+01        2.568999E-01
        35    1   68.00        -2.471476E+01        2.511222E-01
        36    1   70.00        -2.664879E+01        2.413360E-01
        37    1   72.00        -2.982825E+01        2.233582E-01
        38    1   74.00        -3.545481E+01        1.895705E-01
        39    1   76.00        -4.522465E+01        1.406466E-01
        40    1   78.00        -5.961305E+01        1.026883E-01
        41    1   80.00        -7.660117E+01        8.617728E-02
        42    1   82.00        -9.048033E+01        8.093134E-02
        43    1   84.00        -9.712911E+01        7.951013E-02
        44    1   86.00        -9.924105E+01        7.914906E-02
        45    1   88.00        -9.980725E+01        7.905840E-02
        46    1   90.00        -9.995160E+01        7.903568E-02
        47    1   92.00        -9.998789E+01        7.902999E-02
        48    1   94.00        -9.999698E+01        7.902857E-02
        49    1   96.00        -9.999925E+01        7.902822E-02
        50    1   98.00        -9.999981E+01        7.902813E-02
        51    1  100.00        -9.999995E+01        7.902811E-02
        52    1  102.00        -9.999999E+01        7.902810E-02
        53    1  104.00        -1.000000E+02        7.902810E-02
        54    1  106.00        -1.000000E+02        7.902810E-02
        55    1  108.00        -1.000000E+02        7.902810E-02
        56    1  110.00        -1.000000E+02        7.902810E-02
        57    1  112.00        -1.000000E+02        7.902810E-02
        58    1  114.00        -1.000000E+02        7.902810E-02
        59    1  116.00        -1.000000E+02        7.902810E-02
        60    1  118.00        -1.000000E+02        7.902810E-02


              REPORT AT TIME:     3.202E+03      CPU_TIME:********
              **************



 WATER ENTERED IN STEP:   4.1962E-03   CUM. WATER ENTERED:        1.4714E+01
 WATER OUT IN THE STEP:   3.6715E-06   CUM. WATER OUT:            1.1755E-02
 INITIAL WATER VOLUME:    9.8650E+00   ACTUAL WATER VOLUME:       2.4568E+01
 WATER BALANCE ERROR %:  -1.1317E-07   NUMBER OF TIME STEPS :         680


       NODE  IMAT    Z               H                   T

         1    1    0.00        -2.000000E+01        2.698348E-01
         2    1    2.00        -2.000018E+01        2.698342E-01
         3    1    4.00        -2.000040E+01        2.698335E-01
         4    1    6.00        -2.000069E+01        2.698326E-01
         5    1    8.00        -2.000107E+01        2.698314E-01
         6    1   10.00        -2.000155E+01        2.698299E-01
         7    1   12.00        -2.000216E+01        2.698280E-01
         8    1   14.00        -2.000293E+01        2.698256E-01
         9    1   16.00        -2.000392E+01        2.698225E-01
        10    1   18.00        -2.000517E+01        2.698186E-01
        11    1   20.00        -2.000675E+01        2.698137E-01
        12    1   22.00        -2.000876E+01        2.698074E-01
        13    1   24.00        -2.001130E+01        2.697995E-01
        14    1   26.00        -2.001451E+01        2.697894E-01
        15    1   28.00        -2.001856E+01        2.697767E-01
        16    1   30.00        -2.002369E+01        2.697607E-01
        17    1   32.00        -2.003016E+01        2.697404E-01
        18    1   34.00        -2.003834E+01        2.697147E-01
        19    1   36.00        -2.004868E+01        2.696823E-01
        20    1   38.00        -2.006174E+01        2.696412E-01
        21    1   40.00        -2.007826E+01        2.695892E-01
        22    1   42.00        -2.009915E+01        2.695233E-01
        23    1   44.00        -2.012560E+01        2.694396E-01
        24    1   46.00        -2.015911E+01        2.693332E-01
        25    1   48.00        -2.020162E+01        2.691976E-01
        26    1   50.00        -2.025563E+01        2.690244E-01
        27    1   52.00        -2.032440E+01        2.688024E-01
        28    1   54.00        -2.041218E+01        2.685165E-01
        29    1   56.00        -2.052461E+01        2.681462E-01
        30    1   58.00        -2.066923E+01        2.676631E-01
        31    1   60.00        -2.085633E+01        2.670268E-01
        32    1   62.00        -2.110017E+01        2.661783E-01
        33    1   64.00        -2.142110E+01        2.650287E-01
        34    1   66.00        -2.184900E+01        2.634375E-01
        35    1   68.00        -2.242974E+01        2.611724E-01
        36    1   70.00        -2.323734E+01        2.578234E-01
        37    1   72.00        -2.439960E+01        2.526116E-01
        38    1   74.00        -2.615585E+01        2.439293E-01
        39    1   76.00        -2.899599E+01        2.282348E-01
        40    1   78.00        -3.396151E+01        1.984600E-01
        41    1   80.00        -4.275899E+01        1.511069E-01
        42    1   82.00        -5.627252E+01        1.086637E-01
        43    1   84.00        -7.311117E+01        8.830190E-02
        44    1   86.00        -8.822825E+01        8.153473E-02
        45    1   88.00        -9.629354E+01        7.966365E-02
        46    1   90.00        -9.900733E+01        7.918721E-02
        47    1   92.00        -9.974717E+01        7.906791E-02
        48    1   94.00        -9.993644E+01        7.903806E-02
        49    1   96.00        -9.998407E+01        7.903059E-02
        50    1   98.00        -9.999601E+01        7.902872E-02
        51    1  100.00        -9.999900E+01        7.902826E-02
        52    1  102.00        -9.999975E+01        7.902814E-02
        53    1  104.00        -9.999994E+01        7.902811E-02
        54    1  106.00        -9.999998E+01        7.902810E-02
        55    1  108.00        -1.000000E+02        7.902810E-02
        56    1  110.00        -1.000000E+02        7.902810E-02
        57    1  112.00        -1.000000E+02        7.902810E-02
        58    1  114.00        -1.000000E+02        7.902810E-02
        59    1  116.00        -1.000000E+02        7.902810E-02
        60    1  118.00        -1.000000E+02        7.902810E-02


              REPORT AT TIME:     3.405E+03      CPU_TIME:********
              **************



 WATER ENTERED IN STEP:   4.1961E-03   CUM. WATER ENTERED:        1.5567E+01
 WATER OUT IN THE STEP:   3.6715E-06   CUM. WATER OUT:            1.2501E-02
 INITIAL WATER VOLUME:    9.8650E+00   ACTUAL WATER VOLUME:       2.5420E+01
 WATER BALANCE ERROR %:  -1.0700E-07   NUMBER OF TIME STEPS :         709


       NODE  IMAT    Z               H                   T

         1    1    0.00        -2.000000E+01        2.698348E-01
         2    1    2.00        -2.000010E+01        2.698344E-01
         3    1    4.00        -2.000024E+01        2.698340E-01
         4    1    6.00        -2.000041E+01        2.698335E-01
         5    1    8.00        -2.000064E+01        2.698328E-01
         6    1   10.00        -2.000092E+01        2.698319E-01
         7    1   12.00        -2.000128E+01        2.698308E-01
         8    1   14.00        -2.000175E+01        2.698293E-01
         9    1   16.00        -2.000233E+01        2.698275E-01
        10    1   18.00        -2.000308E+01        2.698252E-01
        11    1   20.00        -2.000402E+01        2.698222E-01
        12    1   22.00        -2.000522E+01        2.698185E-01
        13    1   24.00        -2.000672E+01        2.698138E-01
        14    1   26.00        -2.000863E+01        2.698078E-01
        15    1   28.00        -2.001105E+01        2.698002E-01
        16    1   30.00        -2.001409E+01        2.697907E-01
        17    1   32.00        -2.001794E+01        2.697787E-01
        18    1   34.00        -2.002280E+01        2.697634E-01
        19    1   36.00        -2.002894E+01        2.697442E-01
        20    1   38.00        -2.003670E+01        2.697199E-01
        21    1   40.00        -2.004649E+01        2.696892E-01
        22    1   42.00        -2.005886E+01        2.696503E-01
        23    1   44.00        -2.007450E+01        2.696011E-01
        24    1   46.00        -2.009428E+01        2.695387E-01
        25    1   48.00        -2.011930E+01        2.694595E-01
        26    1   50.00        -2.015100E+01        2.693590E-01
        27    1   52.00        -2.019120E+01        2.692309E-01
        28    1   54.00        -2.024225E+01        2.690674E-01
        29    1   56.00        -2.030721E+01        2.688581E-01
        30    1   58.00        -2.039008E+01        2.685887E-01
        31    1   60.00        -2.049612E+01        2.682405E-01
        32    1   62.00        -2.063238E+01        2.677869E-01
        33    1   64.00        -2.080841E+01        2.671910E-01
        34    1   66.00        -2.103739E+01        2.663988E-01
        35    1   68.00        -2.133801E+01        2.653299E-01
        36    1   70.00        -2.173750E+01        2.638585E-01
        37    1   72.00        -2.227721E+01        2.617791E-01
        38    1   74.00        -2.302302E+01        2.587345E-01
        39    1   76.00        -2.408674E+01        2.540587E-01
        40    1   78.00        -2.567365E+01        2.464030E-01
        41    1   80.00        -2.819560E+01        2.328250E-01
        42    1   82.00        -3.253013E+01        2.071101E-01
        43    1   84.00        -4.028366E+01        1.629673E-01
        44    1   86.00        -5.271034E+01        1.166589E-01
        45    1   88.00        -6.906532E+01        9.140526E-02
        46    1   90.00        -8.523555E+01        8.245796E-02
        47    1   92.00        -9.505648E+01        7.990300E-02
        48    1   94.00        -9.864834E+01        7.924667E-02
        49    1   96.00        -9.965460E+01        7.908260E-02
        50    1   98.00        -9.991328E+01        7.904170E-02
        51    1  100.00        -9.997831E+01        7.903149E-02
        52    1  102.00        -9.999458E+01        7.902895E-02
        53    1  104.00        -9.999864E+01        7.902831E-02
        54    1  106.00        -9.999966E+01        7.902815E-02
        55    1  108.00        -9.999992E+01        7.902811E-02
        56    1  110.00        -9.999998E+01        7.902810E-02
        57    1  112.00        -9.999999E+01        7.902810E-02
        58    1  114.00        -1.000000E+02        7.902810E-02
        59    1  116.00        -1.000000E+02        7.902810E-02
        60    1  118.00        -1.000000E+02        7.902810E-02


              REPORT AT TIME:     3.601E+03      CPU_TIME:********
              **************



 WATER ENTERED IN STEP:   4.1960E-03   CUM. WATER ENTERED:        1.6391E+01
 WATER OUT IN THE STEP:   3.6715E-06   CUM. WATER OUT:            1.3221E-02
 INITIAL WATER VOLUME:    9.8650E+00   ACTUAL WATER VOLUME:       2.6242E+01
 WATER BALANCE ERROR %:  -1.0166E-07   NUMBER OF TIME STEPS :         732


       NODE  IMAT    Z               H                   T

         1    1    0.00        -2.000000E+01        2.698348E-01
         2    1    2.00        -2.000006E+01        2.698346E-01
         3    1    4.00        -2.000015E+01        2.698343E-01
         4    1    6.00        -2.000025E+01        2.698340E-01
         5    1    8.00        -2.000039E+01        2.698336E-01
         6    1   10.00        -2.000056E+01        2.698330E-01
         7    1   12.00        -2.000078E+01        2.698323E-01
         8    1   14.00        -2.000106E+01        2.698315E-01
         9    1   16.00        -2.000142E+01        2.698303E-01
        10    1   18.00        -2.000187E+01        2.698289E-01
        11    1   20.00        -2.000244E+01        2.698271E-01
        12    1   22.00        -2.000317E+01        2.698249E-01
        13    1   24.00        -2.000408E+01        2.698220E-01
        14    1   26.00        -2.000524E+01        2.698184E-01
        15    1   28.00        -2.000671E+01        2.698138E-01
        16    1   30.00        -2.000856E+01        2.698080E-01
        17    1   32.00        -2.001089E+01        2.698007E-01
        18    1   34.00        -2.001384E+01        2.697915E-01
        19    1   36.00        -2.001756E+01        2.697799E-01
        20    1   38.00        -2.002226E+01        2.697651E-01
        21    1   40.00        -2.002820E+01        2.697465E-01
        22    1   42.00        -2.003569E+01        2.697231E-01
        23    1   44.00        -2.004515E+01        2.696934E-01
        24    1   46.00        -2.005711E+01        2.696558E-01
        25    1   48.00        -2.007221E+01        2.696083E-01
        26    1   50.00        -2.009131E+01        2.695480E-01
        27    1   52.00        -2.011548E+01        2.694717E-01
        28    1   54.00        -2.014608E+01        2.693746E-01
        29    1   56.00        -2.018487E+01        2.692511E-01
        30    1   58.00        -2.023412E+01        2.690935E-01
        31    1   60.00        -2.029677E+01        2.688918E-01
        32    1   62.00        -2.037665E+01        2.686326E-01
        33    1   64.00        -2.047881E+01        2.682976E-01
        34    1   66.00        -2.060998E+01        2.678619E-01
        35    1   68.00        -2.077926E+01        2.672904E-01
        36    1   70.00        -2.099918E+01        2.665324E-01
        37    1   72.00        -2.128741E+01        2.655121E-01
        38    1   74.00        -2.166960E+01        2.641127E-01
        39    1   76.00        -2.218435E+01        2.621443E-01
        40    1   78.00        -2.289271E+01        2.592805E-01
        41    1   80.00        -2.389710E+01        2.549202E-01
        42    1   82.00        -2.538300E+01        2.478623E-01
        43    1   84.00        -2.771739E+01        2.355116E-01
        44    1   86.00        -3.168007E+01        2.122590E-01
        45    1   88.00        -3.878340E+01        1.707877E-01
        46    1   90.00        -5.047309E+01        1.227083E-01
        47    1   92.00        -6.635538E+01        9.397094E-02
        48    1   94.00        -8.295844E+01        8.326922E-02
        49    1   96.00        -9.398025E+01        8.012367E-02
        50    1   98.00        -9.831196E+01        7.930332E-02
        51    1  100.00        -9.956463E+01        7.909695E-02
        52    1  102.00        -9.989035E+01        7.904530E-02
        53    1  104.00        -9.997256E+01        7.903240E-02
        54    1  106.00        -9.999315E+01        7.902917E-02
        55    1  108.00        -9.999829E+01        7.902837E-02
        56    1  110.00        -9.999957E+01        7.902817E-02
        57    1  112.00        -9.999989E+01        7.902812E-02
        58    1  114.00        -9.999997E+01        7.902810E-02
        59    1  116.00        -9.999999E+01        7.902810E-02
        60    1  118.00        -1.000000E+02        7.902810E-02


              REPORT AT TIME:     3.807E+03      CPU_TIME:********
              **************



 WATER ENTERED IN STEP:   4.1960E-03   CUM. WATER ENTERED:        1.7256E+01
 WATER OUT IN THE STEP:   3.6718E-06   CUM. WATER OUT:            1.3978E-02
 INITIAL WATER VOLUME:    9.8650E+00   ACTUAL WATER VOLUME:       2.7107E+01
 WATER BALANCE ERROR %:  -9.6577E-08   NUMBER OF TIME STEPS :         761


       NODE  IMAT    Z               H                   T

         1    1    0.00        -2.000000E+01        2.698348E-01
         2    1    2.00        -2.000004E+01        2.698347E-01
         3    1    4.00        -2.000009E+01        2.698345E-01
         4    1    6.00        -2.000015E+01        2.698343E-01
         5    1    8.00        -2.000023E+01        2.698341E-01
         6    1   10.00        -2.000033E+01        2.698337E-01
         7    1   12.00        -2.000046E+01        2.698333E-01
         8    1   14.00        -2.000063E+01        2.698328E-01
         9    1   16.00        -2.000084E+01        2.698321E-01
        10    1   18.00        -2.000111E+01        2.698313E-01
        11    1   20.00        -2.000144E+01        2.698303E-01
        12    1   22.00        -2.000187E+01        2.698289E-01
        13    1   24.00        -2.000242E+01        2.698272E-01
        14    1   26.00        -2.000310E+01        2.698251E-01
        15    1   28.00        -2.000397E+01        2.698224E-01
        16    1   30.00        -2.000506E+01        2.698190E-01
        17    1   32.00        -2.000644E+01        2.698146E-01
        18    1   34.00        -2.000818E+01        2.698092E-01
        19    1   36.00        -2.001038E+01        2.698023E-01
        20    1   38.00        -2.001316E+01        2.697936E-01
        21    1   40.00        -2.001666E+01        2.697827E-01
        22    1   42.00        -2.002109E+01        2.697688E-01
        23    1   44.00        -2.002667E+01        2.697513E-01
        24    1   46.00        -2.003371E+01        2.697293E-01
        25    1   48.00        -2.004261E+01        2.697014E-01
        26    1   50.00        -2.005384E+01        2.696661E-01
        27    1   52.00        -2.006803E+01        2.696214E-01
        28    1   54.00        -2.008597E+01        2.695649E-01
        29    1   56.00        -2.010865E+01        2.694932E-01
        30    1   58.00        -2.013737E+01        2.694023E-01
        31    1   60.00        -2.017377E+01        2.692865E-01
        32    1   62.00        -2.021996E+01        2.691389E-01
        33    1   64.00        -2.027868E+01        2.689502E-01
        34    1   66.00        -2.035349E+01        2.687080E-01
        35    1   68.00        -2.044908E+01        2.683955E-01
        36    1   70.00        -2.057168E+01        2.679898E-01
        37    1   72.00        -2.072966E+01        2.674590E-01
        38    1   74.00        -2.093453E+01        2.667570E-01
        39    1   76.00        -2.120235E+01        2.658163E-01
        40    1   78.00        -2.155629E+01        2.645331E-01
        41    1   80.00        -2.203084E+01        2.627413E-01
        42    1   82.00        -2.267982E+01        2.601599E-01
        43    1   84.00        -2.359197E+01        2.562812E-01
        44    1   86.00        -2.492465E+01        2.501129E-01
        45    1   88.00        -2.698189E+01        2.395489E-01
        46    1   90.00        -3.040140E+01        2.199519E-01
        47    1   92.00        -3.649099E+01        1.835428E-01
        48    1   94.00        -4.690048E+01        1.343017E-01
        49    1   96.00        -6.184898E+01        9.936332E-02
        50    1   98.00        -7.886890E+01        8.501537E-02
        51    1  100.00        -9.185555E+01        8.059648E-02
        52    1  102.00        -9.762386E+01        7.942216E-02
        53    1  104.00        -9.938047E+01        7.912651E-02
        54    1  106.00        -9.984357E+01        7.905267E-02
        55    1  108.00        -9.996082E+01        7.903424E-02
        56    1  110.00        -9.999021E+01        7.902963E-02
        57    1  112.00        -9.999755E+01        7.902848E-02
        58    1  114.00        -9.999939E+01        7.902819E-02
        59    1  116.00        -9.999986E+01        7.902812E-02
        60    1  118.00        -1.000000E+02        7.902810E-02


              REPORT AT TIME:     4.004E+03      CPU_TIME:********
              **************



 WATER ENTERED IN STEP:   4.1959E-03   CUM. WATER ENTERED:        1.8080E+01
 WATER OUT IN THE STEP:   3.6771E-06   CUM. WATER OUT:            1.4700E-02
 INITIAL WATER VOLUME:    9.8650E+00   ACTUAL WATER VOLUME:       2.7930E+01
 WATER BALANCE ERROR %:  -9.2186E-08   NUMBER OF TIME STEPS :         781


       NODE  IMAT    Z               H                   T

         1    1    0.00        -2.000000E+01        2.698348E-01
         2    1    2.00        -2.000002E+01        2.698347E-01
         3    1    4.00        -2.000005E+01        2.698346E-01
         4    1    6.00        -2.000009E+01        2.698345E-01
         5    1    8.00        -2.000014E+01        2.698343E-01
         6    1   10.00        -2.000020E+01        2.698341E-01
         7    1   12.00        -2.000028E+01        2.698339E-01
         8    1   14.00        -2.000038E+01        2.698336E-01
         9    1   16.00        -2.000051E+01        2.698332E-01
        10    1   18.00        -2.000067E+01        2.698327E-01
        11    1   20.00        -2.000088E+01        2.698320E-01
        12    1   22.00        -2.000114E+01        2.698312E-01
        13    1   24.00        -2.000147E+01        2.698302E-01
        14    1   26.00        -2.000188E+01        2.698289E-01
        15    1   28.00        -2.000241E+01        2.698272E-01
        16    1   30.00        -2.000307E+01        2.698252E-01
        17    1   32.00        -2.000391E+01        2.698226E-01
        18    1   34.00        -2.000497E+01        2.698192E-01
        19    1   36.00        -2.000630E+01        2.698151E-01
        20    1   38.00        -2.000799E+01        2.698098E-01
        21    1   40.00        -2.001011E+01        2.698032E-01
        22    1   42.00        -2.001280E+01        2.697948E-01
        23    1   44.00        -2.001618E+01        2.697842E-01
        24    1   46.00        -2.002045E+01        2.697708E-01
        25    1   48.00        -2.002584E+01        2.697539E-01
        26    1   50.00        -2.003265E+01        2.697326E-01
        27    1   52.00        -2.004123E+01        2.697057E-01
        28    1   54.00        -2.005208E+01        2.696716E-01
        29    1   56.00        -2.006578E+01        2.696285E-01
        30    1   58.00        -2.008309E+01        2.695740E-01
        31    1   60.00        -2.010499E+01        2.695048E-01
        32    1   62.00        -2.013270E+01        2.694171E-01
        33    1   64.00        -2.016781E+01        2.693055E-01
        34    1   66.00        -2.021236E+01        2.691633E-01
        35    1   68.00        -2.026898E+01        2.689815E-01
        36    1   70.00        -2.034108E+01        2.687483E-01
        37    1   72.00        -2.043317E+01        2.684477E-01
        38    1   74.00        -2.055118E+01        2.680580E-01
        39    1   76.00        -2.070314E+01        2.675487E-01
        40    1   78.00        -2.089996E+01        2.668766E-01
        41    1   80.00        -2.115688E+01        2.659779E-01
        42    1   82.00        -2.149575E+01        2.647558E-01
        43    1   84.00        -2.194891E+01        2.630565E-01
        44    1   86.00        -2.256640E+01        2.606219E-01
        45    1   88.00        -2.342994E+01        2.569912E-01
        46    1   90.00        -2.468262E+01        2.512755E-01
        47    1   92.00        -2.659692E+01        2.416118E-01
        48    1   94.00        -2.973809E+01        2.238909E-01
        49    1   96.00        -3.528769E+01        1.905548E-01
        50    1   98.00        -4.493896E+01        1.417893E-01
        51    1  100.00        -5.921760E+01        1.033290E-01
        52    1  102.00        -7.619298E+01        8.640344E-02
        53    1  104.00        -9.022933E+01        8.099510E-02
        54    1  106.00        -9.704028E+01        7.952615E-02
        55    1  108.00        -9.921699E+01        7.915297E-02
        56    1  110.00        -9.980123E+01        7.905935E-02
        57    1  112.00        -9.995012E+01        7.903591E-02
        58    1  114.00        -9.998756E+01        7.903005E-02
        59    1  116.00        -9.999706E+01        7.902856E-02
        60    1  118.00        -1.000000E+02        7.902810E-02
